[0, 0.4077145612551256, 0.9347099987484303]
[1, 0.9743458177463346, 0.9257100247850975]
[2, 0.6508043572807287, 0.8635182245709082]
[3, 0.22271538479356778, 0.5144363821808902]
[4, 0.6405364290087335, 0.8177203272854225]
[5, 0.8572009040116748, 0.8124238905487942]
[6, 0.7157046688830789, 0.7775934731442453]
[7, 0.817760271427165, 0.6705670372186155]
[8, 0.7824100234570014, 0.9976083891160148]
[9, 0.9082982174151667, 0.6554370123968319]
[10, 0.8534326025882054, 0.9541200847908184]
[11, 0.505381717563028, 0.5280759163922739]
[12, 0.903980092498168, 0.9637505503834789]
[13, 0.9498805503328965, 0.8645809122515986]
[14, 0.7755556900892436, 0.7436896288322074]
[15, 0.7268448072906086, 0.36035499906752777]
[16, 0.7922526058429847, 0.7594529371715629]
[17, 0.7477012619886011, 0.984320734586252]
[18, 0.9570877348646697, 0.477158167903058]
[19, 0.9421123848412118, 0.460064958707019]
[20, 0.4002766050517078, 0.43856056288016043]
[21, 0.8653089230771899, 0.8395890265900784]
[22, 0.6014878719060965, 0.6748317601347102]
[23, 0.8780025403796065, 0.9166061157443534]
[24, 0.8829892956497242, 0.558935099371474]
[25, 0.712861995881265, 0.764774909713694]
[26, 0.5941566227199643, 0.4782864122160779]
[27, 0.5778605535776579, 0.7058426879758584]
[28, 0.9716002493924082, 0.8070301126562479]
[29, 0.9377375763598612, 0.19239681139925524]
[30, 0.9243941313414862, 0.5217577932948527]
[31, 0.874190948546258, 0.756037894879367]
[32, 0.8421001794584495, 0.9919030440719772]
[33, 0.9785499360333356, 0.9445322250498945]
[34, 0.6581189108238813, 0.896926876118503]
[35, 0.9429358459589646, 0.9981240542916643]
[36, 0.9404957270051649, 0.38823832035927486]
[37, 0.7781603716454445, 0.4913458602313381]
[38, 0.8659994653611032, 0.9062609280814237]
[39, 0.9340037558322403, 0.5347516572749819]
[40, 0.9653376300766866, 0.8126357226875041]
[41, 0.5224798347208265, 0.771737246678798]
[42, 0.9162460132408677, 0.961018777492041]
[43, 0.36956347480418494, 0.5128162908256745]
[44, 0.5308585480705864, 0.8252929298219893]
[45, 0.3875461482904332, 0.8510157535978723]
[46, 0.7126917008233384, 0.9444179417965104]
[47, 0.4676169457735253, 0.8357492654048867]
[48, 0.8509969744184861, 0.9878027452909929]
[49, 0.5901671665531172, 0.8881834821556214]
[50, 0.8929158020180638, 0.9862092171043496]
[51, 0.8865206341552622, 0.5244808507511194]
[52, 0.9749843120635017, 0.9101105842855612]
[53, 0.6913843840351224, 0.6236883820267756]
[54, 0.8526609477509637, 0.8983658229235285]
[55, 0.8256425059997489, 0.657499177294718]
[56, 0.9950022836982215, 0.7824182938805833]
[57, 0.7839915303998267, 0.7917667534130657]
[58, 0.6471013986946427, 0.7703569447783507]
[59, 0.7539335701851334, 0.9914326274573737]
[60, 0.8503897290672262, 0.27970284791939914]
[61, 0.7711027782347195, 0.3496256655989375]
[62, 0.4607919603694005, 0.6580271106354889]
[63, 0.6323452619598263, 0.8406392354940182]
[64, 0.5384295949802539, 0.8665828509477745]
[65, 0.7432398243425747, 0.9876752778590635]
[66, 0.6238575846059953, 0.5099903163327866]
[67, 0.8292823838745175, 0.8073247114884744]
[68, 0.5395645434840699, 0.7810045995375253]
[69, 0.574502398193934, 0.7101003971719506]
[70, 0.6849274656039946, 0.23118181453535713]
[71, 0.9660570710478159, 0.6319030448971372]
[72, 0.5314950913123704, 0.41468986412190745]
[73, 0.7654348547143708, 0.7276873051807109]
[74, 0.783245721022029, 0.8347357809134751]
[75, 0.8264168667786355, 0.6985067138149238]
[76, 0.6514051327797283, 0.8393916071101399]
[77, 0.8876042827908629, 0.560486100904735]
[78, 0.6303892952214386, 0.5910090625015922]
[79, 0.9710020487419081, 0.8063505630937104]
[80, 0.5090016937430638, 0.6733777703907501]
[81, 0.6896885908557506, 0.9343963569143957]
[82, 0.48309421390879725, 0.9774089924647562]
[83, 0.9896110479657928, 0.4387052287629125]
[84, 0.6564332624155741, 0.9414627200503318]
[85, 0.5759108665731119, 0.9341002986094465]
[86, 0.42087455583364686, 0.9295163277941808]
[87, 0.8106687837559594, 0.8185103024693765]
[88, 0.8537807834897256, 0.7065534355802002]
[89, 0.7638129759909171, 0.28707412503361485]
[90, 0.8228790224485669, 0.995683506925834]
[91, 0.8736817517155728, 0.7016842090750125]
[92, 0.8829112137120323, 0.6881357564926247]
[93, 0.9010938423778001, 0.784923894650989]
[94, 0.9383026032718816, 0.7168315701271963]
[95, 0.8244882293701802, 0.7449540101278755]
[96, 0.9290503334487842, 0.5404124356435718]
[97, 0.8019550940105581, 0.8358473061556148]
[98, 0.7133291886314728, 0.9425090178556603]
[99, 0.9240259198405489, 0.5756361945102539]
